# Created at Mon Sep 09 02:20:20 PDT 2019 in Burnaby Canada 
219263168331778 -0.233998 0.091528 -0.004635 0.967908 -0.065434 0.028365 0.039287 
219263234991875 -0.234956 0.088096 -0.003127 0.968001 -0.064475 0.027248 0.039549 
219263284979668 -0.236716 0.085720 -0.002120 0.967788 -0.062914 0.026392 0.039530 
219263334992027 -0.238159 0.083060 -0.000184 0.967668 -0.060055 0.025350 0.039886 
219263401611900 -0.238356 0.075968 0.003218 0.968197 -0.055656 0.023864 0.039893 
219263451696138 -0.238140 0.071309 0.003547 0.968603 -0.051186 0.022473 0.039577 
219263501653414 -0.238656 0.065187 0.004264 0.968904 -0.046607 0.021356 0.039119 
219263551754818 -0.238335 0.058220 0.004465 0.969426 -0.041762 0.019362 0.038368 
219263601742611 -0.239523 0.052090 0.003718 0.969485 -0.036229 0.018295 0.037667 
219263651629568 -0.239482 0.046303 0.003187 0.969791 -0.030652 0.015997 0.036715 
219263701586843 -0.237757 0.040368 0.002224 0.970483 -0.024432 0.015006 0.036273 
219263751389400 -0.237812 0.035327 0.002595 0.970665 -0.017446 0.012724 0.035595 
219263801407972 -0.236031 0.030280 0.002702 0.971270 -0.011090 0.011067 0.035440 
219263851395765 -0.235405 0.024432 0.001687 0.971589 -0.004296 0.010500 0.035109 
219263901353040 -0.233837 0.017588 0.000072 0.972117 0.002869 0.010036 0.034643 
219263934617505 -0.232754 0.013570 -0.001097 0.972440 0.007555 0.008897 0.034017 
219263984574781 -0.232260 0.007365 -0.004301 0.972616 0.015608 0.008425 0.033382 
219264034532243 -0.231938 0.000899 -0.006453 0.972709 0.024196 0.006883 0.032137 
219264067857438 -0.231437 -0.004035 -0.008058 0.972808 0.030013 0.006486 0.031409 
219264117783087 -0.230378 -0.009742 -0.008491 0.973015 0.038863 0.005070 0.030098 
219264151138800 -0.229180 -0.013404 -0.008148 0.973258 0.044820 0.004561 0.029467 
219264201096075 -0.228233 -0.021395 -0.007590 0.973342 0.053816 0.003999 0.028367 
219264234483180 -0.227164 -0.024903 -0.006098 0.973519 0.059666 0.002986 0.028322 
219264284470973 -0.227873 -0.033717 -0.005969 0.973089 0.068812 0.002556 0.027113 
219264334492812 -0.229270 -0.042744 -0.008435 0.972387 0.077289 0.002300 0.025762 
219264384450088 -0.228013 -0.051863 -0.010922 0.972214 0.085832 0.002501 0.024497 
219264417734020 -0.226735 -0.057772 -0.011930 0.972168 0.091045 0.002360 0.023632 
219264467691295 -0.224372 -0.066903 -0.013562 0.972110 0.098708 0.002514 0.022304 
219264517561638 -0.220566 -0.073244 -0.013256 0.972528 0.105905 0.002181 0.021610 
219264567518914 -0.215535 -0.080629 -0.013178 0.973072 0.112668 0.002008 0.021387 
219264600840948 -0.212785 -0.084985 -0.013711 0.973300 0.117151 0.002057 0.021609 
219264667460821 -0.207001 -0.095566 -0.013816 0.973564 0.126279 0.002116 0.021615 
219264717492462 -0.203677 -0.103531 -0.014436 0.973442 0.133061 0.002260 0.021701 
219264767480255 -0.200689 -0.111807 -0.014550 0.973145 0.140297 0.002449 0.021776 
219264817384008 -0.198414 -0.118168 -0.013595 0.972874 0.147059 0.002688 0.022234 
219264867341284 -0.194762 -0.125622 -0.012084 0.972698 0.153844 0.002582 0.022961 
219264917320165 -0.191852 -0.132077 -0.008841 0.972456 0.160220 0.002222 0.023922 
219264967307958 -0.191354 -0.138407 -0.007717 0.971683 0.166569 0.001965 0.025051 
219265017342018 -0.189433 -0.145536 -0.006791 0.971024 0.172113 0.001840 0.026181 
219265067299293 -0.189838 -0.153451 -0.007354 0.969722 0.178106 0.001956 0.026927 
219265117307703 -0.188695 -0.160893 -0.008852 0.968725 0.183976 0.002515 0.027099 
219265167295496 -0.187461 -0.168163 -0.010866 0.967709 0.189773 0.002978 0.027731 
219265217241661 -0.186583 -0.175473 -0.012603 0.966559 0.195063 0.003754 0.028038 
219265267198937 -0.185116 -0.183078 -0.013333 0.965420 0.200332 0.004366 0.028800 
219265333931612 -0.179410 -0.192439 -0.012007 0.964694 0.206897 0.005935 0.029654 
219265383888888 -0.174713 -0.199692 -0.011323 0.964090 0.211649 0.007419 0.030576 
219265417214083 -0.172232 -0.203964 -0.010601 0.963651 0.214439 0.008352 0.030017 
219265450564524 -0.170375 -0.208340 -0.010054 0.963050 0.217425 0.009103 0.030520 
219265500521800 -0.168622 -0.214016 -0.009224 0.962122 0.221799 0.009949 0.031252 
219265533796727 -0.167691 -0.217438 -0.009367 0.961516 0.223947 0.010153 0.031116 
219265583815038 -0.167582 -0.222725 -0.009777 0.960320 0.228014 0.010353 0.031760 
219265617019015 -0.167576 -0.225637 -0.009789 0.959641 0.229833 0.010143 0.031743 
219265666976290 -0.168632 -0.231296 -0.010478 0.958100 0.234159 0.009757 0.031975 
219265700301485 -0.169330 -0.235196 -0.010908 0.957022 0.237159 0.009518 0.032120 
219265750231049 -0.169605 -0.240658 -0.011721 0.955605 0.240777 0.009525 0.032897 
219265800188324 -0.169209 -0.245001 -0.013499 0.954547 0.244594 0.009937 0.033758 
219265833510416 -0.168795 -0.248421 -0.015720 0.953702 0.246423 0.010666 0.034488 
219265883498209 -0.166338 -0.251691 -0.019274 0.953211 0.248725 0.011573 0.035851 
219265916761075 -0.164547 -0.252930 -0.020370 0.953171 0.249295 0.011618 0.037462 
219265966718350 -0.164780 -0.254453 -0.021726 0.952696 0.250437 0.011360 0.038459 
219265999959035 -0.165553 -0.255701 -0.021817 0.952225 0.250439 0.010703 0.039063 
219266049946828 -0.166025 -0.257553 -0.020872 0.951665 0.251312 0.009935 0.039635 
219266099904103 -0.166371 -0.258673 -0.021493 0.951287 0.252154 0.009611 0.040252 
219266133207093 -0.166239 -0.258514 -0.022317 0.951335 0.251667 0.009739 0.041343 
219266183194886 -0.166189 -0.256302 -0.023790 0.951906 0.250677 0.009900 0.042417 
219266233133141 -0.165402 -0.251789 -0.023236 0.953260 0.247607 0.009657 0.043390 
219266283090416 -0.166683 -0.246420 -0.022066 0.954467 0.243507 0.009075 0.043323 
219266316360668 -0.168898 -0.242309 -0.022420 0.955122 0.239367 0.008353 0.043041 
219266366317943 -0.172772 -0.234169 -0.024467 0.956408 0.233596 0.007886 0.041950 
219266416207847 -0.176529 -0.223292 -0.026950 0.958254 0.226247 0.007179 0.041839 
219266449533042 -0.178228 -0.215638 -0.028560 0.959645 0.221668 0.006896 0.040977 
219266499490318 -0.180251 -0.204838 -0.028419 0.961636 0.214638 0.005945 0.039452 
219266549321086 -0.183567 -0.193295 -0.027886 0.963412 0.207626 0.004427 0.038880 
219266599308879 -0.188605 -0.182803 -0.027494 0.964498 0.201052 0.003417 0.037108 
219266632566944 -0.192594 -0.175255 -0.027791 0.965102 0.196805 0.002748 0.037370 
219266682524219 -0.194526 -0.165681 -0.028528 0.966383 0.190815 0.002901 0.036367 
219266715687583 -0.194536 -0.159508 -0.029546 0.967388 0.186152 0.002944 0.036202 
219266765644858 -0.194783 -0.149933 -0.030961 0.968825 0.180034 0.003870 0.036110 
219266832362406 -0.194985 -0.137609 -0.030666 0.970621 0.171350 0.004954 0.036445 
219266865687602 -0.194809 -0.130744 -0.029765 0.971632 0.166856 0.005420 0.036746 
219266915644877 -0.195809 -0.120387 -0.027391 0.972839 0.160128 0.006029 0.037205 
219266948972162 -0.197562 -0.111389 -0.027344 0.973557 0.155247 0.006638 0.038126 
219266982266840 -0.200142 -0.101741 -0.028121 0.974064 0.150857 0.007656 0.038650 
219267015661996 -0.201084 -0.093831 -0.028446 0.974655 0.146233 0.008824 0.039505 
219267065619272 -0.200924 -0.081036 -0.028441 0.975835 0.139348 0.010684 0.040388 
219267098871006 -0.201061 -0.072447 -0.027534 0.976508 0.134446 0.012191 0.040778 
219267148858799 -0.199627 -0.061882 -0.025029 0.977596 0.126849 0.013760 0.041877 
219267182153477 -0.198307 -0.055464 -0.022572 0.978309 0.121660 0.014576 0.042637 
219267215617581 -0.197597 -0.048311 -0.020315 0.978881 0.116999 0.015719 0.042200 
219267265574857 -0.197040 -0.038786 -0.016875 0.979483 0.109034 0.016151 0.043311 
219267298936794 -0.197253 -0.031458 -0.015399 0.979727 0.103980 0.015993 0.044555 
219267348924587 -0.198439 -0.020779 -0.013444 0.979801 0.095741 0.015521 0.045755 
219267398881862 -0.199819 -0.013084 -0.008709 0.979707 0.087310 0.014025 0.046552 
219267432130913 -0.201104 -0.008022 -0.006446 0.979516 0.081458 0.012811 0.047532 
219267482118706 -0.202916 0.000924 -0.004076 0.979187 0.073163 0.011051 0.048543 
219267532000143 -0.205460 0.009545 -0.003099 0.978614 0.065348 0.009021 0.050041 
219267581987936 -0.207902 0.017451 -0.004147 0.977985 0.057531 0.007412 0.050940 
219267615350123 -0.209550 0.024139 -0.005804 0.977483 0.051957 0.006689 0.052744 
219267665307398 -0.214399 0.036241 -0.009888 0.976023 0.044153 0.005543 0.054647 
219267715264673 -0.216692 0.043163 -0.010046 0.975234 0.036265 0.003920 0.056294 
219267765378072 -0.217298 0.051860 -0.009917 0.974676 0.026644 0.002335 0.059490 
219267815410434 -0.217806 0.057979 -0.008550 0.974231 0.018169 0.000668 0.061853 
219267865398227 -0.219543 0.065743 -0.005130 0.973372 0.009668 -0.001331 0.063658 
219267898723422 -0.220925 0.070349 -0.003161 0.972745 0.003995 -0.002503 0.064733 
219267932068737 -0.221919 0.074532 -0.001299 0.972211 -0.002293 -0.003584 0.066185 
219267982026012 -0.223444 0.082764 -0.001344 0.971196 -0.010534 -0.004451 0.067843 
219268015321034 -0.222763 0.087121 -0.002164 0.970970 -0.015709 -0.004860 0.069075 
219268065278309 -0.222475 0.092949 -0.002501 0.970494 -0.023239 -0.005399 0.069904 
219268115204873 -0.221000 0.099495 -0.004210 0.970176 -0.030420 -0.005584 0.070911 
219268165223184 -0.221048 0.104831 -0.005791 0.969595 -0.037045 -0.005476 0.071353 
219268198457339 -0.220466 0.108550 -0.007889 0.969303 -0.040335 -0.004751 0.071824 
219268248414614 -0.218586 0.115142 -0.010040 0.968949 -0.046197 -0.003834 0.072479 
219268281739809 -0.218399 0.118494 -0.011671 0.968568 -0.049946 -0.003079 0.072660 
219268331691163 -0.217022 0.123998 -0.013338 0.968167 -0.054858 -0.001795 0.073368 
219268365016358 -0.215745 0.126673 -0.013920 0.968098 -0.058397 -0.001205 0.073609 
219268414930011 -0.215788 0.129579 -0.015945 0.967673 -0.062535 -0.000262 0.073123 
219268464887286 -0.214665 0.132031 -0.018371 0.967548 -0.066616 0.000750 0.073356 
219268498212482 -0.212803 0.132162 -0.020201 0.967905 -0.068662 0.001462 0.073303 
219268548178052 -0.210215 0.132097 -0.021338 0.968455 -0.070425 0.001818 0.072224 
219268581503247 -0.209073 0.131702 -0.022283 0.968735 -0.070213 0.002186 0.071462 
219268631466303 -0.207159 0.128323 -0.021810 0.969610 -0.069169 0.001974 0.069586 
219268681423578 -0.207455 0.125021 -0.020879 0.969998 -0.065799 0.001646 0.066707 
219268714779291 -0.207574 0.122013 -0.021480 0.970342 -0.062752 0.001625 0.064310 
219268748121040 -0.207322 0.117420 -0.021537 0.970961 -0.061319 0.001588 0.062136 
219268798078315 -0.207751 0.110472 -0.020195 0.971714 -0.055754 0.000758 0.058259 
219268831442131 -0.208558 0.106843 -0.019618 0.971958 -0.052631 -0.000117 0.055935 
219268881399406 -0.212195 0.098711 -0.017232 0.972076 -0.046957 -0.002035 0.051980 
219268931347093 -0.215968 0.092303 -0.014650 0.971917 -0.041206 -0.004449 0.049117 
219268981334886 -0.218110 0.086073 -0.012174 0.972045 -0.036219 -0.006674 0.046266 
219269014722593 -0.218840 0.082231 -0.010242 0.972236 -0.033297 -0.008667 0.045152 
219269064710386 -0.220199 0.076997 -0.007590 0.972382 -0.028449 -0.011323 0.043274 
219269098005063 -0.220391 0.072048 -0.004402 0.972737 -0.025242 -0.013737 0.042641 
219269147997878 -0.217962 0.064945 0.002772 0.973790 -0.019559 -0.018271 0.042134 
219269197985671 -0.218181 0.059053 0.006128 0.974101 -0.012583 -0.022854 0.041759 
219269231277349 -0.219808 0.052751 0.007575 0.974086 -0.007536 -0.025793 0.041271 
219269281265142 -0.221990 0.042896 0.009625 0.974057 0.000774 -0.029607 0.040037 
219269314562310 -0.222445 0.035690 0.010437 0.974236 0.006054 -0.031336 0.039138 
219269364519585 -0.221763 0.024720 0.012010 0.974713 0.015179 -0.033109 0.037653 
219269397844780 -0.221018 0.017483 0.013461 0.975020 0.021453 -0.033770 0.036603 
219269431143217 -0.218763 0.008295 0.015427 0.975621 0.027620 -0.034319 0.035338 
219269481100492 -0.215385 -0.002742 0.020041 0.976320 0.037443 -0.034838 0.033862 
219269514430194 -0.214742 -0.009517 0.021713 0.976383 0.043839 -0.034690 0.032795 
219269564417987 -0.214737 -0.019449 0.024559 0.976169 0.053679 -0.034520 0.031431 
219269597743182 -0.214457 -0.025440 0.025897 0.976059 0.060180 -0.034208 0.030746 
219269647654336 -0.214509 -0.034652 0.027673 0.975715 0.069432 -0.033532 0.029341 
219269680949014 -0.214071 -0.040178 0.028918 0.975563 0.075594 -0.033054 0.029035 
219269714185630 -0.213016 -0.046674 0.030194 0.975466 0.081289 -0.033156 0.027262 
219269764142905 -0.210047 -0.054990 0.032462 0.975604 0.090015 -0.032051 0.027204 
219269830745576 -0.206270 -0.065125 0.036991 0.975624 0.101533 -0.030575 0.026999 
219269864101289 -0.205756 -0.068877 0.038828 0.975404 0.107197 -0.029524 0.027236 
219269914002888 -0.204062 -0.076557 0.040676 0.975112 0.115353 -0.027824 0.026804 
219269947328084 -0.203024 -0.082906 0.040645 0.974811 0.120596 -0.026324 0.026621 
219269997285359 -0.202189 -0.093801 0.038839 0.974070 0.128518 -0.023960 0.026047 
219270030559579 -0.201920 -0.101376 0.036547 0.973455 0.133717 -0.022348 0.025640 
219270080547372 -0.201837 -0.112702 0.031854 0.972391 0.141918 -0.020136 0.025442 
219270113705729 -0.201280 -0.120766 0.028156 0.971653 0.147844 -0.018660 0.025683 
219270163693522 -0.200493 -0.133263 0.022839 0.970321 0.156815 -0.016782 0.025684 
219270196933705 -0.201336 -0.143116 0.019065 0.968823 0.162642 -0.015578 0.026148 
219270246890980 -0.201847 -0.157473 0.012699 0.966591 0.171969 -0.013936 0.026270 
219270296848255 -0.201632 -0.172137 0.006756 0.964193 0.181390 -0.012548 0.026532 
219270346796709 -0.201411 -0.185391 -0.000073 0.961802 0.190384 -0.011327 0.027376 
219270380091387 -0.201456 -0.193240 -0.004481 0.960236 0.196444 -0.010336 0.028222 
219270430150981 -0.201368 -0.205124 -0.009450 0.957750 0.205430 -0.008907 0.029387 
219270480108256 -0.200571 -0.217318 -0.014675 0.955159 0.214545 -0.007235 0.030701 
219270530086666 -0.201062 -0.226810 -0.020719 0.952734 0.232608 0.001348 0.036625 
219270580043942 -0.199044 -0.239232 -0.025163 0.950008 0.241648 0.003257 0.037793 
219270613348037 -0.198268 -0.248526 -0.026613 0.947743 0.246675 0.006438 0.039542 
219270663305313 -0.195817 -0.259473 -0.030663 0.945193 0.255294 0.008369 0.040982 
219270696630508 -0.194701 -0.267483 -0.033504 0.943092 0.260887 0.009762 0.041974 
219270746684723 -0.192108 -0.279051 -0.036229 0.940166 0.268923 0.013024 0.044385 
219270779979401 -0.189200 -0.286914 -0.037070 0.938355 0.274050 0.015251 0.045634 
219270830044999 -0.184812 -0.299561 -0.037239 0.935265 0.281508 0.019378 0.047907 
219270880002274 -0.178408 -0.309238 -0.035713 0.933417 0.287428 0.023781 0.050511 
219270930002215 -0.173188 -0.318539 -0.035050 0.931295 0.292688 0.029191 0.053244 
219270979959491 -0.170053 -0.325192 -0.037326 0.929483 0.297355 0.034481 0.055592 
219271029930570 -0.165637 -0.332824 -0.040471 0.927445 0.300561 0.039268 0.057912 
219271079887846 -0.163671 -0.340524 -0.043994 0.924835 0.304594 0.043927 0.059282 
219271129830246 -0.161208 -0.345672 -0.046365 0.923241 0.307508 0.048920 0.060791 
219271163155441 -0.159026 -0.348846 -0.047420 0.922371 0.309345 0.051286 0.061593 
219271213166429 -0.155630 -0.353430 -0.047969 0.921176 0.311476 0.054780 0.062548 
219271263123704 -0.152948 -0.356966 -0.047739 0.920273 0.313266 0.056871 0.063186 
219271313142015 -0.151617 -0.359130 -0.047338 0.919672 0.314571 0.057695 0.063783 
219271363054702 -0.151447 -0.359493 -0.046293 0.919612 0.314043 0.057326 0.063983 
219271412982704 -0.153844 -0.357454 -0.045847 0.920031 0.313320 0.054556 0.063582 
219271462939980 -0.159332 -0.353738 -0.046037 0.920523 0.311561 0.049815 0.062601 
219271512927773 -0.166271 -0.349073 -0.047108 0.921023 0.307180 0.045103 0.060932 
219271546099044 -0.169318 -0.344302 -0.047518 0.922242 0.304045 0.041428 0.059878 
219271596086837 -0.173307 -0.335844 -0.047312 0.924627 0.298166 0.035947 0.058281 
219271629468905 -0.176395 -0.329873 -0.047433 0.926185 0.292967 0.033196 0.056960 
219271679426180 -0.180418 -0.321036 -0.048256 0.928470 0.286410 0.029009 0.054951 
219271729380352 -0.183355 -0.310536 -0.050032 0.931367 0.278768 0.027249 0.053182 
219271762705547 -0.185082 -0.304295 -0.050657 0.933050 0.274095 0.025608 0.051759 
219271812627871 -0.186095 -0.293777 -0.049454 0.936279 0.265740 0.023382 0.049730 
219271862615664 -0.187170 -0.282843 -0.047012 0.939552 0.257344 0.021996 0.047797 
219271912603457 -0.188092 -0.271089 -0.043846 0.942979 0.248275 0.021103 0.046095 
219271945831605 -0.188568 -0.262989 -0.041715 0.945272 0.242151 0.021022 0.044834 
219271995819398 -0.189262 -0.250732 -0.038188 0.948607 0.232410 0.020646 0.043417 
219272029146002 -0.188443 -0.242383 -0.036096 0.951019 0.225620 0.020846 0.043300 
219272079103277 -0.187347 -0.229368 -0.033986 0.954535 0.216063 0.021055 0.042281 
219272129041172 -0.187328 -0.216010 -0.033676 0.957661 0.206864 0.021382 0.041064 
219272179059483 -0.188062 -0.201935 -0.033251 0.960598 0.197484 0.021246 0.039809 
219272212329319 -0.189230 -0.193196 -0.032438 0.962193 0.191024 0.020975 0.038981 
219272262317112 -0.191176 -0.180276 -0.030569 0.964374 0.181679 0.019985 0.037842 
219272295611789 -0.192782 -0.172339 -0.028717 0.965562 0.175516 0.019148 0.037207 
219272345499941 -0.194870 -0.160621 -0.025836 0.967243 0.165932 0.018116 0.036715 
219272395487734 -0.196690 -0.148167 -0.022391 0.968947 0.156617 0.017026 0.036650 
219272445575000 -0.198769 -0.135846 -0.019213 0.970396 0.146758 0.016517 0.038089 
219272495532275 -0.200455 -0.123770 -0.016230 0.971718 0.137104 0.015719 0.038249 
219272545500168 -0.201861 -0.110494 -0.013656 0.973066 0.126522 0.015147 0.039034 
219272578825363 -0.202149 -0.102398 -0.011604 0.973918 0.119579 0.014558 0.039264 
219272612161866 -0.202518 -0.094129 -0.009788 0.974695 0.113115 0.014395 0.039633 
219272662119142 -0.202544 -0.082786 -0.006822 0.975744 0.102170 0.013298 0.039829 
219272712026318 -0.201852 -0.069952 -0.003899 0.976907 0.091249 0.011994 0.038574 
219272761983593 -0.201140 -0.058501 -0.000697 0.977814 0.080435 0.010378 0.038427 
219272795308788 -0.201800 -0.051053 0.002012 0.978093 0.073316 0.009057 0.038255 
219272845319968 -0.203474 -0.039934 0.006302 0.978245 0.063400 0.007291 0.035357 
219272911939841 -0.204848 -0.025481 0.008629 0.978424 0.050178 0.004877 0.034412 
219272945265831 -0.205845 -0.018076 0.008563 0.978380 0.043862 0.004361 0.034359 
219272995253624 -0.207357 -0.006757 0.007533 0.978213 0.034442 0.003038 0.034106 
219273028594931 -0.208056 0.001586 0.005129 0.978102 0.029436 0.002662 0.034625 
219273078582724 -0.210079 0.013688 -0.000588 0.977588 0.020699 0.002071 0.034723 
219273128546886 -0.211139 0.024185 -0.005575 0.977141 0.012634 0.001167 0.034602 
219273161841564 -0.213579 0.031642 -0.008083 0.976380 0.007027 0.000492 0.034720 
219273211806519 -0.217468 0.041444 -0.009931 0.975137 -0.000617 -0.001118 0.035460 
219273261763794 -0.222204 0.049613 -0.010393 0.973682 -0.008288 -0.002456 0.035721 
219273295106904 -0.224638 0.054977 -0.011454 0.972823 -0.012633 -0.002989 0.035501 
219273328401582 -0.226471 0.060095 -0.012495 0.972082 -0.016873 -0.003348 0.035681 
219273378358857 -0.228147 0.065912 -0.014624 0.971283 -0.022518 -0.003318 0.035707 
219273411704878 -0.226303 0.069362 -0.015312 0.971464 -0.025936 -0.002700 0.035964 
219273461662154 -0.224013 0.072431 -0.015769 0.971763 -0.031073 -0.002239 0.035551 
219273511661203 -0.223820 0.076523 -0.018271 0.971450 -0.036030 -0.000813 0.034695 
219273544986399 -0.223527 0.080035 -0.018645 0.971227 -0.039151 0.000251 0.034233 
219273594974192 -0.223952 0.083738 -0.020019 0.970790 -0.043860 0.002247 0.033554 
219273628245181 -0.223369 0.087558 -0.021493 0.970556 -0.047143 0.003806 0.033526 
219273661570377 -0.222152 0.091653 -0.022681 0.970430 -0.050402 0.005431 0.034003 
219273694895572 -0.221361 0.094829 -0.022909 0.970300 -0.053763 0.006881 0.034774 
219273744829485 -0.220687 0.100662 -0.023461 0.969853 -0.058678 0.008862 0.036333 
219273794760146 -0.219499 0.106184 -0.024020 0.969519 -0.063206 0.010324 0.037791 
219273828085341 -0.219273 0.108644 -0.024536 0.969285 -0.065937 0.011058 0.038639 
219273878073134 -0.218470 0.111065 -0.024703 0.969188 -0.069065 0.011634 0.039401 
219273928040008 -0.218885 0.111730 -0.024750 0.969017 -0.070283 0.011619 0.038784 
219273977997284 -0.219848 0.109410 -0.023125 0.969103 -0.068997 0.011274 0.037501 
219274011357038 -0.221709 0.106903 -0.023754 0.968944 -0.066411 0.011687 0.035487 
219274061314313 -0.223825 0.101481 -0.024217 0.969029 -0.061377 0.013681 0.032114 
219274094588087 -0.224668 0.097926 -0.022977 0.969230 -0.058235 0.016219 0.029751 
219274144575880 -0.222772 0.091547 -0.020660 0.970343 -0.052835 0.022125 0.025793 
219274177870557 -0.220872 0.087522 -0.018745 0.971187 -0.049687 0.027399 0.023070 
219274227792542 -0.217800 0.080638 -0.015164 0.972538 -0.046050 0.036405 0.019071 
219274261087220 -0.213097 0.078397 -0.016834 0.973735 -0.043772 0.043249 0.016939 
219274310920817 -0.203720 0.074649 -0.018427 0.976005 -0.041976 0.052765 0.013471 
219274360878093 -0.198016 0.073226 -0.019442 0.977266 -0.040281 0.061829 0.010992 
219274394133145 -0.194212 0.071986 -0.020004 0.978110 -0.040112 0.066987 0.009600 
219274444151456 -0.188433 0.071104 -0.021067 0.979282 -0.039610 0.073188 0.007693 
219274477446134 -0.185745 0.071077 -0.020599 0.979807 -0.039599 0.075602 0.006820 
219274527421204 -0.183279 0.071370 -0.019770 0.980267 -0.040461 0.075265 0.005924 
219274560746399 -0.183851 0.073050 -0.018666 0.980058 -0.041014 0.072984 0.006315 
219274594098398 -0.186483 0.075029 -0.016877 0.979444 -0.041921 0.068546 0.007045 
219274644086191 -0.196626 0.078188 -0.013862 0.977258 -0.043995 0.059300 0.008488 
219274677380869 -0.203580 0.081398 -0.011656 0.975599 -0.045871 0.051695 0.009904 
219274710818603 -0.211829 0.084689 -0.009235 0.973587 -0.047553 0.043187 0.011565 
219274744113280 -0.220833 0.088119 -0.006587 0.971300 -0.050091 0.033802 0.013613 
219274777438476 -0.229989 0.092900 -0.003738 0.968742 -0.052686 0.023785 0.016310 
219274827370040 -0.240061 0.098201 0.000082 0.965778 -0.056274 0.009257 0.020877 
219274877327315 -0.247136 0.101676 -0.000755 0.963631 -0.059323 -0.005485 0.025139 
219274910662392 -0.248632 0.104499 -0.002516 0.962941 -0.060076 -0.013337 0.027993 
219274943957069 -0.248347 0.106445 -0.005576 0.962789 -0.061056 -0.022216 0.030700 
219274993914345 -0.249354 0.107788 -0.009351 0.962350 -0.061844 -0.035672 0.034426 
219275027414605 -0.249506 0.108991 -0.010225 0.962166 -0.060944 -0.043644 0.036919 
219275077371880 -0.253933 0.107282 -0.012142 0.961177 -0.059844 -0.055972 0.038608 
219275127261443 -0.258233 0.103671 -0.011673 0.960433 -0.057047 -0.066243 0.039495 
219275177218718 -0.256348 0.099591 -0.006867 0.961416 -0.052110 -0.073876 0.038666 
219275227160622 -0.255504 0.092457 0.000835 0.962376 -0.044605 -0.077229 0.036462 
219275277117897 -0.246680 0.085882 0.005001 0.965271 -0.033890 -0.076697 0.032512 
219275327105007 -0.233968 0.081451 0.016200 0.968691 -0.021788 -0.074480 0.028307 
219275377062282 -0.217519 0.071798 0.025174 0.973086 -0.007681 -0.068702 0.022988 
219275410494746 -0.208955 0.062200 0.027073 0.975570 0.001973 -0.064035 0.019976 
219275460482539 -0.201245 0.043127 0.029600 0.978143 0.017586 -0.055086 0.012773 
219275493777217 -0.197055 0.030397 0.029967 0.979463 0.028802 -0.048835 0.008174 
219275527133570 -0.193282 0.018896 0.030298 0.980493 0.039826 -0.042424 0.004845 
219275577121363 -0.189063 -0.000619 0.034211 0.981369 0.057240 -0.034052 -0.000213 
219275610395944 -0.185917 -0.012749 0.038150 0.981742 0.068871 -0.029051 -0.002853 
219275660353220 -0.182194 -0.032576 0.042157 0.981818 0.087168 -0.021944 -0.005795 
219275693647897 -0.179201 -0.044658 0.042469 0.981880 0.099547 -0.017426 -0.007148 
219275743632775 -0.176270 -0.065092 0.044892 0.981161 0.116608 -0.012252 -0.008768 
219275776927453 -0.177060 -0.078766 0.044253 0.980044 0.128148 -0.008914 -0.009508 
219275826938016 -0.177337 -0.097550 0.044209 0.978305 0.143662 -0.004756 -0.010361 
219275860293729 -0.175043 -0.109796 0.044513 0.977406 0.153521 -0.001917 -0.009730 
219275910191123 -0.172484 -0.126562 0.041532 0.975964 0.167458 0.001505 -0.009790 
219275960148398 -0.171335 -0.141630 0.040790 0.974126 0.180497 0.005317 -0.007669 
219276010136191 -0.169569 -0.157386 0.037501 0.972147 0.192323 0.009427 -0.004937 
219276043388792 -0.168614 -0.167762 0.035535 0.970650 0.200561 0.012060 -0.002951 
219276093346067 -0.166681 -0.182500 0.030990 0.968479 0.212841 0.016036 0.000812 
219276126606984 -0.165783 -0.193860 0.027587 0.966526 0.220235 0.018135 0.001770 
219276176594777 -0.166116 -0.214490 0.019921 0.962290 0.232076 0.021243 0.005540 
219276209862408 -0.165938 -0.225129 0.015630 0.959967 0.238205 0.022799 0.008028 
219276259819683 -0.165109 -0.240113 0.010160 0.956547 0.248436 0.024341 0.013364 
219276293144879 -0.165829 -0.251227 0.006499 0.953595 0.255063 0.024847 0.016906 
219276326405506 -0.166993 -0.260421 0.003199 0.950938 0.261517 0.025042 0.017621 
219276376362782 -0.166712 -0.274367 0.000438 0.947064 0.270612 0.024847 0.022926 
219276426477388 -0.166328 -0.288576 -0.005454 0.942883 0.278128 0.025026 0.027122 
219276459772066 -0.164066 -0.297666 -0.009980 0.940414 0.283501 0.025366 0.030623 
219276509696528 -0.161581 -0.310326 -0.015245 0.936673 0.289610 0.025328 0.035205 
219276559684321 -0.158763 -0.320523 -0.021532 0.933593 0.294984 0.025306 0.040434 
219276609707938 -0.154938 -0.329295 -0.024772 0.931099 0.298484 0.023903 0.044584 
219276659665213 -0.151800 -0.341667 -0.033442 0.926878 0.301634 0.022084 0.048311 
219276692990408 -0.151510 -0.348352 -0.040048 0.924171 0.303184 0.020297 0.050901 
219276726258619 -0.150082 -0.354700 -0.045633 0.921727 0.304099 0.017845 0.052741 
219276776215894 -0.148380 -0.361277 -0.052460 0.919081 0.305547 0.013594 0.056574 
219276826188099 -0.147308 -0.368186 -0.057993 0.916175 0.306486 0.008435 0.059686 
219276876145374 -0.145854 -0.375630 -0.062259 0.913100 0.309023 0.002747 0.063281 
219276926026636 -0.145376 -0.383790 -0.066170 0.909501 0.311046 -0.003502 0.065395 
219276976014429 -0.147433 -0.391485 -0.072710 0.905382 0.314363 -0.009951 0.068764 
219277026007717 -0.148395 -0.396734 -0.077737 0.902517 0.316845 -0.017373 0.071653 
219277075964992 -0.154443 -0.398734 -0.086559 0.899814 0.318576 -0.026358 0.074665 
219277125919887 -0.162591 -0.396381 -0.095980 0.898462 0.318582 -0.037206 0.075934 
219277159245082 -0.169329 -0.394602 -0.102658 0.897262 0.318076 -0.045119 0.076910 
219277209114320 -0.179395 -0.391892 -0.109713 0.895657 0.316125 -0.056876 0.077628 
219277259071596 -0.185489 -0.387037 -0.114613 0.895913 0.313450 -0.067204 0.079150 
219277292434001 -0.189418 -0.382991 -0.117053 0.896514 0.310581 -0.073049 0.080251 
219277342391276 -0.192888 -0.377048 -0.121146 0.897749 0.306528 -0.080502 0.082308 
219277375716471 -0.195905 -0.374120 -0.123330 0.898023 0.304009 -0.084970 0.083767 
219277425607322 -0.197096 -0.371480 -0.126917 0.898359 0.299714 -0.090521 0.085303 
219277458901999 -0.194929 -0.370316 -0.129116 0.898998 0.297819 -0.093371 0.086677 
219277508889792 -0.189444 -0.370277 -0.132668 0.899669 0.296682 -0.094811 0.088837 
219277542227536 -0.185756 -0.369585 -0.135210 0.900344 0.295219 -0.092705 0.090814 
219277592245847 -0.176925 -0.369900 -0.135195 0.901994 0.295969 -0.086337 0.092395 
219277625577301 -0.169782 -0.370365 -0.131120 0.903776 0.294135 -0.080425 0.093941 
219277658902497 -0.162563 -0.371152 -0.127011 0.905366 0.294379 -0.072989 0.093800 
219277708859772 -0.152828 -0.372150 -0.120461 0.907544 0.294603 -0.060693 0.092799 
219277742002797 -0.146767 -0.372176 -0.115171 0.909219 0.293435 -0.053861 0.091230 
219277775327992 -0.142997 -0.373099 -0.110239 0.910053 0.293136 -0.045620 0.089525 
219277825331714 -0.138128 -0.371572 -0.103665 0.912200 0.292203 -0.033906 0.085718 
219277858687427 -0.136166 -0.371718 -0.097679 0.913096 0.291481 -0.026064 0.083082 
219277891982105 -0.137025 -0.372554 -0.092853 0.913130 0.291094 -0.018247 0.080462 
219277941871487 -0.134037 -0.370661 -0.087342 0.914886 0.289902 -0.006023 0.076757 
219277991859279 -0.132746 -0.368968 -0.079767 0.916449 0.289317 0.005989 0.073530 
219278025241125 -0.128909 -0.367808 -0.077978 0.917616 0.288605 0.013545 0.070820 
219278075198401 -0.123330 -0.366577 -0.072634 0.919312 0.288046 0.025492 0.067969 
219278125234522 -0.116580 -0.361535 -0.065506 0.922719 0.286463 0.035341 0.065318 
219278175222315 -0.111803 -0.356863 -0.059356 0.925541 0.285343 0.045866 0.062654 
219278225172223 -0.106868 -0.351325 -0.053426 0.928599 0.284130 0.055343 0.059373 
219278275160016 -0.101795 -0.352723 -0.045383 0.929066 0.283078 0.065557 0.056845 
219278308367163 -0.095949 -0.352359 -0.038110 0.930153 0.281581 0.071761 0.055681 
219278358324438 -0.089717 -0.351637 -0.029785 0.931351 0.279902 0.080987 0.053725 
219278408292332 -0.083222 -0.351814 -0.023173 0.932075 0.277205 0.089331 0.051574 
219278458310643 -0.075922 -0.349536 -0.016807 0.933691 0.273938 0.097427 0.049676 
219278508135382 -0.068669 -0.347967 -0.009555 0.934940 0.268821 0.104032 0.048310 
219278558092658 -0.063645 -0.343746 -0.001663 0.936902 0.263070 0.109934 0.046617 
219278608096948 -0.060765 -0.335115 0.008935 0.940173 0.255351 0.113806 0.044451 
219278658084741 -0.060395 -0.324040 0.018819 0.943926 0.246356 0.116044 0.043172 
219278708242021 -0.061520 -0.311297 0.029191 0.947870 0.235656 0.115651 0.041087 
219278758229814 -0.063520 -0.296612 0.038372 0.952110 0.224833 0.113475 0.039601 
219278824905119 -0.073320 -0.274456 0.044955 0.957746 0.211386 0.107110 0.035801 
219278874892911 -0.082506 -0.259451 0.048425 0.961006 0.201511 0.100190 0.033684 
219278908187589 -0.089577 -0.247349 0.049537 0.963504 0.194988 0.094768 0.032536 
219278958280211 -0.101215 -0.233201 0.052370 0.965728 0.187795 0.082997 0.026150 
219278991605406 -0.108807 -0.223882 0.055286 0.966944 0.181403 0.075937 0.024358 
219279025096065 -0.117190 -0.214910 0.055720 0.967975 0.174441 0.068547 0.021656 
219279075053340 -0.129349 -0.201812 0.055710 0.969246 0.165040 0.057376 0.019341 
219279108381345 -0.137678 -0.191921 0.054782 0.970160 0.158644 0.049005 0.018841 
219279158369138 -0.147481 -0.178469 0.052904 0.971390 0.149381 0.037692 0.017753 
219279208399399 -0.155813 -0.164834 0.046863 0.972808 0.141748 0.027016 0.016262 
219279241694077 -0.160800 -0.156623 0.041061 0.973615 0.136611 0.020937 0.015882 
219279275019272 -0.164466 -0.148991 0.035895 0.974404 0.131741 0.015166 0.015654 
219279325178471 -0.170291 -0.139212 0.027227 0.975130 0.123453 0.006986 0.016279 
219279375135747 -0.174460 -0.129304 0.018453 0.975963 0.116752 0.000119 0.017001 
219279408472283 -0.176855 -0.123352 0.012600 0.976395 0.112420 -0.004494 0.017794 
219279458429558 -0.179201 -0.115509 0.004327 0.976998 0.106343 -0.009834 0.019115 
219279491754754 -0.179851 -0.109972 -0.003464 0.977521 0.102814 -0.012403 0.020264 
219279525046435 -0.180516 -0.104804 -0.011628 0.977903 0.098320 -0.014822 0.021506 
219279575034228 -0.179767 -0.095961 -0.023443 0.978737 0.093206 -0.017231 0.023546 
219279608373856 -0.177972 -0.090072 -0.030553 0.979428 0.089120 -0.018351 0.024095 
219279658331131 -0.176963 -0.082328 -0.037179 0.980063 0.083270 -0.020004 0.025984 
219279708267929 -0.175674 -0.073469 -0.042079 0.980801 0.076324 -0.021590 0.027910 
219279758225204 -0.177404 -0.064955 -0.044265 0.980994 0.069418 -0.022294 0.029348 
219279808182480 -0.177181 -0.053683 -0.045749 0.981648 0.061309 -0.022779 0.031177 
219279858176210 -0.176038 -0.042302 -0.044177 0.982481 0.052867 -0.022755 0.033290 
219279908191390 -0.175441 -0.028375 -0.042972 0.983142 0.043361 -0.022355 0.035547 
219279941516586 -0.173517 -0.016991 -0.042216 0.983779 0.037284 -0.022239 0.037199 
219279991473861 -0.177585 0.000174 -0.041084 0.983248 0.028186 -0.022158 0.038896 
219280041299183 -0.180688 0.017333 -0.037832 0.982660 0.017876 -0.021788 0.040406 
219280091256458 -0.183537 0.033776 -0.033990 0.981844 0.008238 -0.021089 0.042432 
219280124615951 -0.183943 0.044272 -0.032796 0.981392 0.001354 -0.020595 0.042577 
219280174634262 -0.185189 0.058804 -0.030942 0.980454 -0.007697 -0.019250 0.044874 
219280207998726 -0.185942 0.068772 -0.030306 0.979682 -0.013963 -0.018180 0.047126 
219280257956002 -0.187703 0.082806 -0.030951 0.978240 -0.022002 -0.016235 0.049686 
219280291344721 -0.187892 0.089936 -0.030271 0.977595 -0.026995 -0.015009 0.050908 
219280341301996 -0.186597 0.101465 -0.029989 0.976723 -0.033554 -0.012686 0.053827 
219280374627192 -0.185457 0.108623 -0.029285 0.976191 -0.037380 -0.010895 0.055904 
219280424644237 -0.182485 0.117524 -0.028288 0.975750 -0.042737 -0.008371 0.056935 
219280457999950 -0.180922 0.122580 -0.027175 0.975450 -0.046258 -0.006671 0.058792 
219280491267867 -0.179997 0.128347 -0.026915 0.974886 -0.049988 -0.004987 0.060301 
219280557917958 -0.177637 0.137934 -0.027903 0.973982 -0.056733 -0.001504 0.063634 
219280591212636 -0.176819 0.142169 -0.029028 0.973489 -0.059672 0.000138 0.065134 
219280624489684 -0.176015 0.146562 -0.030191 0.972948 -0.062678 0.001569 0.066060 
219280657814879 -0.175123 0.150194 -0.030104 0.972557 -0.064582 0.002339 0.067396 
219280707772155 -0.172499 0.151185 -0.029172 0.972901 -0.064275 0.002204 0.067949 
219280757711059 -0.174135 0.146799 -0.028655 0.973296 -0.060927 0.000853 0.065069 
219280791036255 -0.178140 0.138959 -0.028730 0.973720 -0.056106 -0.000125 0.062109 
219280824313557 -0.180469 0.131777 -0.029630 0.974263 -0.051869 -0.000922 0.059017 
219280874270832 -0.180877 0.119075 -0.029053 0.975838 -0.041859 -0.002250 0.055392 
219280924199085 -0.180842 0.104772 -0.026806 0.977548 -0.031907 -0.003618 0.052028 
219280957493763 -0.180472 0.093730 -0.023844 0.978814 -0.024266 -0.004858 0.049711 
219280990818958 -0.179341 0.082768 -0.020099 0.980093 -0.015953 -0.006294 0.047586 
219281040792006 -0.179694 0.066583 -0.015385 0.981346 -0.003512 -0.008191 0.044099 
219281074086684 -0.180393 0.054304 -0.010842 0.982035 0.005454 -0.009630 0.042150 
219281107536629 -0.177924 0.044094 -0.007675 0.983026 0.014387 -0.010862 0.041667 
219281157493904 -0.175765 0.027130 -0.006349 0.984038 0.029559 -0.013413 0.039922 
219281207481697 -0.179029 0.007740 -0.006468 0.983792 0.045545 -0.016232 0.037852 
219281240788782 -0.181274 -0.005052 -0.007348 0.983392 0.054890 -0.018283 0.036266 
219281290746057 -0.184996 -0.025418 -0.007845 0.982379 0.070388 -0.019941 0.034875 
219281324164464 -0.187023 -0.038545 -0.007283 0.981572 0.079234 -0.020974 0.034222 
219281374121740 -0.187586 -0.058361 -0.007376 0.980485 0.093655 -0.020721 0.033859 
219281407448529 -0.187123 -0.070540 -0.007628 0.979771 0.101948 -0.020213 0.033949 
219281457436322 -0.189078 -0.086094 -0.008481 0.978144 0.114542 -0.018887 0.034463 
219281490731000 -0.191727 -0.096087 -0.007917 0.976701 0.122405 -0.018082 0.034836 
219281523934437 -0.191222 -0.104079 -0.009114 0.975971 0.129297 -0.017157 0.034996 
219281573891713 -0.191940 -0.114021 -0.012406 0.974682 0.139567 -0.015477 0.035677 
219281623827555 -0.193375 -0.124102 -0.016764 0.973100 0.148312 -0.013765 0.036247 
219281673815348 -0.192322 -0.134352 -0.021652 0.971850 0.156906 -0.011805 0.036035 
219281707093152 -0.193234 -0.141944 -0.024076 0.970532 0.160438 -0.010477 0.036530 
219281757050427 -0.194734 -0.153200 -0.028267 0.968405 0.166410 -0.008522 0.035961 
219281806993675 -0.193024 -0.156850 -0.032554 0.968029 0.171372 -0.007031 0.036323 
219281856950950 -0.194887 -0.159090 -0.039229 0.967042 0.173743 -0.005080 0.035855 
219281923484693 -0.197633 -0.158381 -0.045960 0.966304 0.172890 -0.002220 0.035348 
219281956809888 -0.196231 -0.158313 -0.048101 0.966497 0.171764 -0.000927 0.035165 
219282006767164 -0.192242 -0.155983 -0.048671 0.967648 0.168989 0.000569 0.035345 
219282040046228 -0.192603 -0.152271 -0.048444 0.968179 0.166461 0.001134 0.035375 
219282073371424 -0.194660 -0.149046 -0.048767 0.968253 0.163995 0.001748 0.035288 
219282123313171 -0.195200 -0.143321 -0.049088 0.968992 0.159907 0.002933 0.035299 
219282173300964 -0.193188 -0.138773 -0.049407 0.970041 0.155804 0.004033 0.035773 
219282206543051 -0.192505 -0.134623 -0.049298 0.970767 0.151751 0.004700 0.035857 
219282239837729 -0.192161 -0.131137 -0.048455 0.971354 0.148511 0.005101 0.036034 
219282289825522 -0.193145 -0.124475 -0.048055 0.972055 0.143630 0.005578 0.036148 
219282323037104 -0.194118 -0.119494 -0.048039 0.972487 0.139650 0.005664 0.035691 
219282372994379 -0.194578 -0.112332 -0.046927 0.973303 0.134208 0.005747 0.035484 
219282406287950 -0.195073 -0.106939 -0.045802 0.973865 0.129580 0.005655 0.034741 
219282456275743 -0.196222 -0.099442 -0.044906 0.974470 0.123215 0.005533 0.034066 
219282489600939 -0.196421 -0.095180 -0.044725 0.974864 0.118827 0.005645 0.033237 
219282539616689 -0.195585 -0.089061 -0.045083 0.975593 0.113543 0.006266 0.032252 
219282589573965 -0.196195 -0.083719 -0.045076 0.975944 0.109471 0.006975 0.031465 
219282622862162 -0.196098 -0.080880 -0.044680 0.976221 0.106280 0.007081 0.030883 
219282672819437 -0.196919 -0.077145 -0.044332 0.976374 0.103512 0.007504 0.030405 
219282722831927 -0.197175 -0.074617 -0.044261 0.976522 0.100453 0.007636 0.029685 
219282772789203 -0.197601 -0.071591 -0.043244 0.976708 0.098176 0.007950 0.029570 
219282822783722 -0.196926 -0.068651 -0.041966 0.977111 0.095072 0.008287 0.029771 
219282856078399 -0.197198 -0.067000 -0.041210 0.977203 0.093985 0.008542 0.029721 
219282906065877 -0.197154 -0.064988 -0.040131 0.977393 0.092136 0.008862 0.029370 
219282956023153 -0.196521 -0.063537 -0.039225 0.977652 0.091402 0.009214 0.029235 
219282989317830 -0.196323 -0.062730 -0.038576 0.977770 0.091055 0.009433 0.029211 
219283039327251 -0.196374 -0.060330 -0.037314 0.977960 0.089607 0.009621 0.029204 
219283072621929 -0.196093 -0.058419 -0.036690 0.978156 0.089188 0.009763 0.029488 
219283105952684 -0.195819 -0.057476 -0.036119 0.978288 0.087954 0.009813 0.029516 
219283155909959 -0.194053 -0.056422 -0.034798 0.978749 0.087495 0.009810 0.029721 
219283205881669 -0.194256 -0.055233 -0.033898 0.978808 0.086544 0.009745 0.029966 
219283255869462 -0.193302 -0.056091 -0.033282 0.978969 0.086666 0.009676 0.029801 
219283305837693 -0.193519 -0.057628 -0.033536 0.978828 0.085934 0.009658 0.029651 
219283355794968 -0.194615 -0.057863 -0.033576 0.978596 0.085987 0.009539 0.029461 
219283405752243 -0.195090 -0.057511 -0.032695 0.978552 0.086155 0.009625 0.029879 
219283439089571 -0.194530 -0.056900 -0.032229 0.978714 0.085269 0.009872 0.029765 
219283489046846 -0.192886 -0.056608 -0.031567 0.979078 0.085437 0.010154 0.030453 
219283522405762 -0.193142 -0.056554 -0.031796 0.979024 0.085028 0.010437 0.030071 
219283555700439 -0.193342 -0.056498 -0.031627 0.978993 0.085075 0.010483 0.030283 
219283605688232 -0.192965 -0.056159 -0.031120 0.979103 0.085158 0.010437 0.030930 
219283639009630 -0.192581 -0.056137 -0.030586 0.979196 0.084331 0.010595 0.030894 
219283688966905 -0.192509 -0.055590 -0.029894 0.979263 0.084416 0.010436 0.031610 
219283738930746 -0.192131 -0.055285 -0.029421 0.979369 0.083758 0.010357 0.031680 
219283772255942 -0.192174 -0.054968 -0.029343 0.979381 0.084101 0.010322 0.032038 
219283805550619 -0.191859 -0.054583 -0.029179 0.979469 0.083778 0.010415 0.031980 
219283855535952 -0.191051 -0.054017 -0.029457 0.979650 0.084363 0.010456 0.032413 
219283905537383 -0.190629 -0.053551 -0.029955 0.979743 0.084281 0.010660 0.032225 
219283955494659 -0.190228 -0.055386 -0.029561 0.979730 0.084713 0.010406 0.032172 
219283988819854 -0.190232 -0.054366 -0.031208 0.979736 0.085178 0.010443 0.032509 
219284038765523 -0.191587 -0.055159 -0.031583 0.979415 0.084979 0.010620 0.032146 
